11000000000000010000000000000110
11000000000001000000000000011011
11000000000001010000000000000100
11011100101001010000000000000110
11011100100001000000000000000001
10001000100000000000000000000010
00000000100001010010000000000001
10010100000000000000000000000001
00000000100001010010000000000000
10001000100000000000000000000001
11000000100001000000000000000001
11000100001000010000000000000001
10010000001000000000000000000001
10010111111111111111111111110110
10001100100000000000000000000001
00000000100001010010000000000000
11001000100000100000000000111111
11001000100000110000111111000000
11100000011000110000000000000110
10011100000000000000000000000000
