11000000000000100000000000001010
11000000000000110000000000000000
11000000011000110000000000000001
11000100010001000000000000000001
00000000011001000010000000000001
10001100100000000000000000001100
10000000011001000000000000000000
11000100011001010000000000000001
10000000101001100000000000000000
11000000100001110000000000000001
00000000111001100011100000000001
10001100111000000000000000000100
10000100101001100000000000000001
11000100101001010000000000000001
11000000101001110000000000000001
10001100111000001111111111111000
10000100101001000000000000000001
10010111111111111111111111110000
10011100000000000000000000000000
10000000000000010000000000000000
10000000000000010000000000000001
10000000000000010000000000000010
10000000000000010000000000000011
10000000000000010000000000000100
10000000000000010000000000000101
10000000000000010000000000000110
10000000000000010000000000000111
10000000000000010000000000001000
10000000000000010000000000001001;