11000000000000010000000000001011
11000000000000100000000000010100
11000000000000110000000000100000
11000000011010100000000000000000
11000000011010111111111111111111
11000000000001000000000000000000
11000000000001010000000000000000
11001000010001110000000000000001
00000000111001010100000000000001
10010001000000000000000000000100
10001101000000000000000000000010
00000000100000010010000000000000
10010100000000000000000000000001
00000000100000010010000000000001
11001000100001100000000000000001
11100100100001000000000000000001
11100000010000100000000000000001
00000000110010110011000000000111
00000000010001100001000000000000
11000000111001010000000000000000
11000101010010100000000000000001
10001101010000001111111111110001
11011100100001000000000000100000
00000000100000100010000000000000
10011100000000000000000000000000